Title,Type,Files,Size,IMDB,Spoken Languages,Texted Languages,Tags,Quality (+),Quality (-),Uploaded,By,User Type,Seeders,Leechers,Info Hash,Picture,Capture Date
Raspberry  Pi  A  Quick  Start  Guide,601,2,4.09 MiB (4293415 Bytes),,,English,"""Raspberry Pi""",,,2013-01-16T09:23:41Z,d347hBy73,[T],31,2,6898DEE41C762FC95161D81A03D3B08DD8ED6DB2,//image.bayimg.com/de051e237d7fe385ef10ca2f592cdf3ec306df0b.jpg,2013-06-03T12:18:08Z
