Filename,Size,Unit
Oz.the.Great.and.Powerful.2013.480p.BRRip.XviD.AC3-PTpOWeR.nfo,8.17,K
Oz.the.Great.and.Powerful.2013.480p.BRRip.XviD.AC3-PTpOWeR.avi,1.85,G
