Filename,Size,Unit
Mary Carey Possessed/Mary Carey Possessed [DVDRIP].avi,699.09,M
