Title,Type,Files,Size,IMDB,Spoken Languages,Texted Languages,Tags,Quality (+),Quality (-),Uploaded,By,User Type,Seeders,Leechers,Info Hash,Picture,Capture Date
prankradio pranks,101,182,129.57 MiB (135868606 Bytes),,,,"""prankradio"",""assholeradio"",""insaneradio"",""efnet"",""dalnet"",""irc"",""2001"",""herb"",""herb tanner""",,,2013-04-24T17:23:12Z,Lofde,,1,0,3747A3F79F93D1A736914BE51807DEC2027591AE,,2013-06-11T04:39:12Z
