Filename,Size,Unit
Y&R June 17 - 13.avi,153.89,M
