Filename,Size,Unit
df-mc11.mp4,866.61,M
df-mc11.nfo,16.62,K
front.jpg,107.05,K
Powered by imagesnake.com.txt,61,B
