User Type,Username,Date,Text
[T],ShowMizz,2013-04-10T23:48Z,"foutje in de beschrijving..

dit is de uitzending van 17-04"
