Filename,Size,Unit
Artwork/Hibria2012_Book1.jpg,3.76,M
Artwork/Hibria2012_Book0.jpg,3.7,M
Artwork/Hibria2012_Book2.jpg,3.59,M
Artwork/Hibria2012_Book4.jpg,3.54,M
Artwork/Hibria2012_Book3.jpg,3.47,M
Artwork/Hibria2012_Book5.jpg,3.23,M
Artwork/Hibria2012_Back.jpg,2.39,M
Artwork/Hibria2012_Inside.jpg,2.02,M
Artwork/Hibria2012_CD.jpg,1.43,M
Artwork/Hibria2012_DVD.jpg,1.42,M
VIDEO_TS/VTS_01_2.VOB,1023.97,M
VIDEO_TS/VTS_01_1.VOB,1023.97,M
VIDEO_TS/VTS_01_3.VOB,1023.97,M
VIDEO_TS/VTS_01_4.VOB,948.04,M
VIDEO_TS/VTS_02_0.VOB,220.99,M
VIDEO_TS/VTS_02_1.VOB,179.16,M
VIDEO_TS/VTS_01_0.VOB,430,K
VIDEO_TS/VTS_01_0.BUP,70,K
VIDEO_TS/VTS_01_0.IFO,70,K
VIDEO_TS/VIDEO_TS.IFO,22,K
VIDEO_TS/VTS_02_0.BUP,22,K
VIDEO_TS/VTS_02_0.IFO,22,K
VIDEO_TS/VIDEO_TS.BUP,22,K
VIDEO_TS/VIDEO_TS.VOB,8,K
