User Type,Username,Date,Text
,HolyCream,2013-03-27T09:31Z,Muito obrigado pelo up e por nomear o arquivo com o nome do filme.
[H],junreygc,2013-03-27T10:04Z,Moved to Video > Movies
