User Type,Username,Date,Text
,bitchface911,2013-04-13T08:46Z,good mix but shame its all the one file
,lihv,2013-04-29T22:47Z,"Here is April 2013 set (Electro ,house ,Techno).cue file to split it

http://cuenation.com/?page=tracklist&folder=various&filename=April+2013+set+%28Electro+%2Chouse+%2CTechno%29.cue"
