Filename,Size,Unit
[Hon3y] ABCD---Sadda Dil Vi Tu.mkv,350.97,M
[Hon3y] ABCD---Ganpati Baba.mkv,237.01,M
[Hon3y] ABCD---Bezubaan.mkv,214.09,M
[Hon3y] ABCD---Duhaai.mkv,202.04,M
[Hon3y] ABCD---Sorry Sorry.mkv,122.21,M
[Hon3y] ABCD---Shambhu Sutaya.mkv,80.24,M
[Hon3y] ABCD---Chandu Ki Girl Friend.mkv,69.23,M
[Hon3y] ABCD---Kar Ja Re Ya Mar Ja Re.mkv,29.59,M
