Filename,Size,Unit
Torrent downloaded from ArenaPirate.com.nfo,210,B
nb.13.04.09.megan.sweetz.mp4,904.98,M
