Title,Type,Files,Size,IMDB,Spoken Languages,Texted Languages,Tags,Quality (+),Quality (-),Uploaded,By,User Type,Seeders,Leechers,Info Hash,Picture,Capture Date
CollegeRules.Whos.Sucking.My.Cock.XXx,505,1,1.15 GiB (1237092624 Bytes),,,,,,,2013-04-23T10:06:58Z,handsome_hulk1253,,2,1,D694CCEDA4BFB897E1C2CDAD96370FC15A0BC4F8,,2013-06-11T02:05:43Z
