Title,Type,Files,Size,IMDB,Spoken Languages,Texted Languages,Tags,Quality (+),Quality (-),Uploaded,By,User Type,Seeders,Leechers,Info Hash,Picture,Capture Date
ATK Hairy - Raven rav005 - 10 - 918 pics in 7 sets,503,918,638.79 MiB (669824663 Bytes),,,,"""suprbayrequest""",,,2013-04-08T15:48:38Z,bestec1234,[V],0,2,08DAD6AA150EFC6EB8737E107D51EE1B48708DAA,//image.bayimg.com/a706377ef7d55a9a9335f20bed4645853f0b644d.jpg,2013-06-10T01:24:18Z
