Title,Type,Files,Size,IMDB,Spoken Languages,Texted Languages,Tags,Quality (+),Quality (-),Uploaded,By,User Type,Seeders,Leechers,Info Hash,Picture,Capture Date
DJ Sonix Discography - Including Supported Set Lists,199,121,11.37 GiB (12204390855 Bytes),,,,"""DJ Sonix"",""Sonix"",""Trance"",""Techno"",""Setlist"",""Discography""",,,2013-03-19T08:33:48Z,UUNVUU,,0,3,FA7BA6E4A268984A2E30FC975357A7ECFFE610C8,//image.bayimg.com/0a75aaf5d203065acfa7254592e0dc8200355b66.jpg,2013-06-08T16:32:36Z
