Filename,Size,Unit
EvilAngel - Nicole Aniston - Suck It Dry 10 (720p).mp4,851.8,M
