Filename,Size,Unit
ZaikaGozoBeach_2013-06-19_021xxxxxl.jpg,3.45,M
ZaikaGozoBeach_2013-06-19_022xxxxxl.jpg,4.07,M
ZaikaGozoBeach_2013-06-19_023xxxxxl.jpg,2.99,M
ZaikaGozoBeach_2013-06-19_020xxxxxl.jpg,4.06,M
ZaikaGozoBeach_2013-06-19_019xxxxxl.jpg,3.77,M
ZaikaGozoBeach_2013-06-19_017xxxxxl.jpg,4.24,M
ZaikaGozoBeach_2013-06-19_018xxxxxl.jpg,4.31,M
ZaikaGozoBeach_2013-06-19_024xxxxxl.jpg,4.25,M
ZaikaGozoBeach_2013-06-19_025xxxxxl.jpg,3.61,M
ZaikaGozoBeach_2013-06-19_030xxxxxl.jpg,3.96,M
ZaikaGozoBeach_2013-06-19_031xxxxxl.jpg,4.48,M
ZaikaGozoBeach_2013-06-19_029xxxxxl.jpg,4.44,M
ZaikaGozoBeach_2013-06-19_028xxxxxl.jpg,3.82,M
ZaikaGozoBeach_2013-06-19_026xxxxxl.jpg,4.02,M
ZaikaGozoBeach_2013-06-19_027xxxxxl.jpg,3.7,M
ZaikaGozoBeach_2013-06-19_016xxxxxl.jpg,4.43,M
ZaikaGozoBeach_2013-06-19_015xxxxxl.jpg,4.04,M
ZaikaGozoBeach_2013-06-19_004xxxxxl.jpg,4.95,M
ZaikaGozoBeach_2013-06-19_005xxxxxl.jpg,5.2,M
ZaikaGozoBeach_2013-06-19_006xxxxxl.jpg,3.83,M
ZaikaGozoBeach_2013-06-19_003xxxxxl.jpg,4.47,M
ZaikaGozoBeach_2013-06-19_002xxxxxl.jpg,4.21,M
ZaikaGozoBeach-poster.jpg,68.33,K
ZaikaGozoBeach_2013-06-19_001xxxxxl.jpg,5.18,M
ZaikaGozoBeach_2013-06-19_007xxxxxl.jpg,4.13,M
ZaikaGozoBeach_2013-06-19_008xxxxxl.jpg,4.77,M
ZaikaGozoBeach_2013-06-19_013xxxxxl.jpg,4.91,M
ZaikaGozoBeach_2013-06-19_014xxxxxl.jpg,4.68,M
ZaikaGozoBeach_2013-06-19_012xxxxxl.jpg,5.38,M
ZaikaGozoBeach_2013-06-19_011xxxxxl.jpg,5.22,M
ZaikaGozoBeach_2013-06-19_009xxxxxl.jpg,5.24,M
ZaikaGozoBeach_2013-06-19_010xxxxxl.jpg,4.46,M
ZaikaGozoBeach-board.jpg,131.48,K
