Filename,Size,Unit
cd/stranglers.png,372.38,K
cd/The Stranglers - 01 - Skin Deep.mp3,9.23,M
cd/The Stranglers - 02 - Golden Brown.mp3,8.28,M
cd/The Stranglers - 03 - Peaches.mp3,9.74,M
cd/The Stranglers - 04 - Always The Sun.mp3,9.45,M
cd/The Stranglers - 05 - Hanging Around.mp3,10.5,M
cd/The Stranglers - 06 - 96 Tears.mp3,7.38,M
cd/The Stranglers - 07 - No Mercy.mp3,8.42,M
cd/The Stranglers - 08 - Strange Little Girl.mp3,6.52,M
cd/The Stranglers - 09 - 5 Minutes.mp3,7.88,M
cd/The Stranglers - 10 - All Day And All Of The Night.mp3,6.12,M
cd/The Stranglers - 11 - Something Better Change.mp3,8.57,M
cd/The Stranglers - 12 - Time Was Once On My Side.mp3,8.42,M
cd/The Stranglers - 13 - Don't Bring Harry.mp3,9.86,M
cd/The Stranglers - 14 - Lowlands.mp3,7.78,M
cd/The Stranglers - 15 - Straighten Out.mp3,6.74,M
cd/The Stranglers - 16 - Walk On By.mp3,10.47,M
cd/The Stranglers - 17 - European Female.mp3,9.59,M
cd/The Stranglers - 18 - Nice 'N' Sleazy.mp3,7.7,M
cd/The Stranglers - 19 - Freedom Is Insane.mp3,14.47,M
cd/The Stranglers - 20 - No More Heroes.mp3,8.29,M
cd/The Stranglers - 21 - Duchess.mp3,6.05,M
cd/The Stranglers - 22 - La Folie.mp3,14.3,M
cd/The Stranglers - 23 - Who Wants The World.mp3,7.71,M
cd/The Stranglers - 24 - Giants.mp3,8.83,M
cd/The Stranglers - 25 - Grip 89 (Get A) Grip (On Yourself).mp3,9.59,M
cd/The Stranglers - 26 - Skin Deep ....12; inche mix.mp3,16.96,M
cd/The Stranglers - 27 - Always the Sun ....12; inche mix.mp3,14.14,M
cd/The Stranglers - 28 - No Mercy  ....12; inche mix.mp3,15.92,M
cd/The Stranglers - 29 - Long Black Veil .....live.mp3,9.42,M
cd/The Stranglers - 30 - Golden Brown  ....12; inche mix.mp3,14.69,M
cd/The Stranglers - 31 - Strange Little Girl ....Acoustic.mp3,6.63,M
cd tekst.txt,916,B
NLtoppers.txt,673,B
NLtoppersVertalersRelease.jpg,39.76,K
ore-sabre.jpg,4.31,K
stranglers.png,372.38,K
Wij zijn op zoek naar jou!.txt,430,B
