Title,Type,Files,Size,IMDB,Spoken Languages,Texted Languages,Tags,Quality (+),Quality (-),Uploaded,By,User Type,Seeders,Leechers,Info Hash,Picture,Capture Date
Never.Ever.Do.This.at.Home.S01E08.HDTV.x264-INNOCENCE,205,4,209.6 MiB (219781673 Bytes),,,,,,,2013-05-30T00:42:58Z,TvTeam,[V],3,3,09990994C28676CDD5DBAB2CD9085A3898BC1A86,,2013-06-15T05:34:13Z
