Title,Type,Files,Size,IMDB,Spoken Languages,Texted Languages,Tags,Quality (+),Quality (-),Uploaded,By,User Type,Seeders,Leechers,Info Hash,Picture,Capture Date
BustyCafe  10 04 13 Lisa Ann Hard Sex Pics  iMAGEsET - ExtraTor,503,217,36.04 MiB (37790158 Bytes),,,,"""{ERT}""",,,2013-04-18T18:10:14Z,legend79023,,2,0,028EE7B7FEC562DC6F4E7DECA228349A68382BE8,,2013-06-10T15:18:14Z
