Filename,Size,Unit
7954.flv,96.37,M
