Filename,Size,Unit
Covers/pi318sausdc.jpg,79.71,K
SexArt_Lagno_Sylvie-Deluxe_by_Don-Caravaggio_high_0001.jpg,2.15,M
SexArt_Lagno_Sylvie-Deluxe_by_Don-Caravaggio_high_0002.jpg,2.31,M
SexArt_Lagno_Sylvie-Deluxe_by_Don-Caravaggio_high_0003.jpg,2.69,M
SexArt_Lagno_Sylvie-Deluxe_by_Don-Caravaggio_high_0004.jpg,2.19,M
SexArt_Lagno_Sylvie-Deluxe_by_Don-Caravaggio_high_0005.jpg,2.83,M
SexArt_Lagno_Sylvie-Deluxe_by_Don-Caravaggio_high_0006.jpg,3.03,M
SexArt_Lagno_Sylvie-Deluxe_by_Don-Caravaggio_high_0007.jpg,3.46,M
SexArt_Lagno_Sylvie-Deluxe_by_Don-Caravaggio_high_0008.jpg,2.37,M
SexArt_Lagno_Sylvie-Deluxe_by_Don-Caravaggio_high_0009.jpg,2.41,M
SexArt_Lagno_Sylvie-Deluxe_by_Don-Caravaggio_high_0010.jpg,2.7,M
SexArt_Lagno_Sylvie-Deluxe_by_Don-Caravaggio_high_0011.jpg,2.62,M
SexArt_Lagno_Sylvie-Deluxe_by_Don-Caravaggio_high_0012.jpg,2.31,M
SexArt_Lagno_Sylvie-Deluxe_by_Don-Caravaggio_high_0013.jpg,2.42,M
SexArt_Lagno_Sylvie-Deluxe_by_Don-Caravaggio_high_0014.jpg,2.04,M
SexArt_Lagno_Sylvie-Deluxe_by_Don-Caravaggio_high_0015.jpg,2.43,M
SexArt_Lagno_Sylvie-Deluxe_by_Don-Caravaggio_high_0016.jpg,2.68,M
SexArt_Lagno_Sylvie-Deluxe_by_Don-Caravaggio_high_0017.jpg,2.55,M
SexArt_Lagno_Sylvie-Deluxe_by_Don-Caravaggio_high_0018.jpg,2.34,M
SexArt_Lagno_Sylvie-Deluxe_by_Don-Caravaggio_high_0019.jpg,2.3,M
SexArt_Lagno_Sylvie-Deluxe_by_Don-Caravaggio_high_0020.jpg,2.26,M
SexArt_Lagno_Sylvie-Deluxe_by_Don-Caravaggio_high_0021.jpg,2.44,M
SexArt_Lagno_Sylvie-Deluxe_by_Don-Caravaggio_high_0022.jpg,2.43,M
SexArt_Lagno_Sylvie-Deluxe_by_Don-Caravaggio_high_0023.jpg,2.49,M
SexArt_Lagno_Sylvie-Deluxe_by_Don-Caravaggio_high_0024.jpg,2.16,M
SexArt_Lagno_Sylvie-Deluxe_by_Don-Caravaggio_high_0025.jpg,2.38,M
SexArt_Lagno_Sylvie-Deluxe_by_Don-Caravaggio_high_0026.jpg,2.54,M
SexArt_Lagno_Sylvie-Deluxe_by_Don-Caravaggio_high_0027.jpg,2.52,M
SexArt_Lagno_Sylvie-Deluxe_by_Don-Caravaggio_high_0028.jpg,2.53,M
SexArt_Lagno_Sylvie-Deluxe_by_Don-Caravaggio_high_0029.jpg,2.17,M
SexArt_Lagno_Sylvie-Deluxe_by_Don-Caravaggio_high_0030.jpg,2.22,M
SexArt_Lagno_Sylvie-Deluxe_by_Don-Caravaggio_high_0031.jpg,2.29,M
SexArt_Lagno_Sylvie-Deluxe_by_Don-Caravaggio_high_0032.jpg,2.72,M
SexArt_Lagno_Sylvie-Deluxe_by_Don-Caravaggio_high_0033.jpg,1.81,M
SexArt_Lagno_Sylvie-Deluxe_by_Don-Caravaggio_high_0034.jpg,1.75,M
SexArt_Lagno_Sylvie-Deluxe_by_Don-Caravaggio_high_0035.jpg,2.33,M
SexArt_Lagno_Sylvie-Deluxe_by_Don-Caravaggio_high_0036.jpg,2.16,M
SexArt_Lagno_Sylvie-Deluxe_by_Don-Caravaggio_high_0037.jpg,1.98,M
SexArt_Lagno_Sylvie-Deluxe_by_Don-Caravaggio_high_0038.jpg,2.41,M
SexArt_Lagno_Sylvie-Deluxe_by_Don-Caravaggio_high_0039.jpg,2.04,M
SexArt_Lagno_Sylvie-Deluxe_by_Don-Caravaggio_high_0040.jpg,2.03,M
SexArt_Lagno_Sylvie-Deluxe_by_Don-Caravaggio_high_0041.jpg,1.9,M
SexArt_Lagno_Sylvie-Deluxe_by_Don-Caravaggio_high_0042.jpg,1.98,M
SexArt_Lagno_Sylvie-Deluxe_by_Don-Caravaggio_high_0043.jpg,1.99,M
SexArt_Lagno_Sylvie-Deluxe_by_Don-Caravaggio_high_0044.jpg,2.3,M
SexArt_Lagno_Sylvie-Deluxe_by_Don-Caravaggio_high_0045.jpg,2.44,M
SexArt_Lagno_Sylvie-Deluxe_by_Don-Caravaggio_high_0046.jpg,1.92,M
SexArt_Lagno_Sylvie-Deluxe_by_Don-Caravaggio_high_0047.jpg,1.99,M
SexArt_Lagno_Sylvie-Deluxe_by_Don-Caravaggio_high_0048.jpg,2.41,M
SexArt_Lagno_Sylvie-Deluxe_by_Don-Caravaggio_high_0049.jpg,2.34,M
SexArt_Lagno_Sylvie-Deluxe_by_Don-Caravaggio_high_0050.jpg,2.34,M
SexArt_Lagno_Sylvie-Deluxe_by_Don-Caravaggio_high_0051.jpg,2.65,M
SexArt_Lagno_Sylvie-Deluxe_by_Don-Caravaggio_high_0052.jpg,2.48,M
SexArt_Lagno_Sylvie-Deluxe_by_Don-Caravaggio_high_0053.jpg,2.36,M
SexArt_Lagno_Sylvie-Deluxe_by_Don-Caravaggio_high_0054.jpg,2.55,M
SexArt_Lagno_Sylvie-Deluxe_by_Don-Caravaggio_high_0055.jpg,2.36,M
SexArt_Lagno_Sylvie-Deluxe_by_Don-Caravaggio_high_0056.jpg,2.19,M
SexArt_Lagno_Sylvie-Deluxe_by_Don-Caravaggio_high_0057.jpg,2.22,M
SexArt_Lagno_Sylvie-Deluxe_by_Don-Caravaggio_high_0058.jpg,2.01,M
SexArt_Lagno_Sylvie-Deluxe_by_Don-Caravaggio_high_0059.jpg,1.73,M
SexArt_Lagno_Sylvie-Deluxe_by_Don-Caravaggio_high_0060.jpg,1.99,M
SexArt_Lagno_Sylvie-Deluxe_by_Don-Caravaggio_high_0061.jpg,2.12,M
SexArt_Lagno_Sylvie-Deluxe_by_Don-Caravaggio_high_0062.jpg,3.4,M
SexArt_Lagno_Sylvie-Deluxe_by_Don-Caravaggio_high_0063.jpg,1.88,M
SexArt_Lagno_Sylvie-Deluxe_by_Don-Caravaggio_high_0064.jpg,2.05,M
SexArt_Lagno_Sylvie-Deluxe_by_Don-Caravaggio_high_0065.jpg,1.71,M
SexArt_Lagno_Sylvie-Deluxe_by_Don-Caravaggio_high_0066.jpg,1.65,M
SexArt_Lagno_Sylvie-Deluxe_by_Don-Caravaggio_high_0067.jpg,1.97,M
SexArt_Lagno_Sylvie-Deluxe_by_Don-Caravaggio_high_0068.jpg,2.14,M
SexArt_Lagno_Sylvie-Deluxe_by_Don-Caravaggio_high_0069.jpg,1.98,M
SexArt_Lagno_Sylvie-Deluxe_by_Don-Caravaggio_high_0070.jpg,2.02,M
SexArt_Lagno_Sylvie-Deluxe_by_Don-Caravaggio_high_0071.jpg,2.23,M
SexArt_Lagno_Sylvie-Deluxe_by_Don-Caravaggio_high_0072.jpg,2.55,M
SexArt_Lagno_Sylvie-Deluxe_by_Don-Caravaggio_high_0073.jpg,2.6,M
SexArt_Lagno_Sylvie-Deluxe_by_Don-Caravaggio_high_0074.jpg,2.65,M
SexArt_Lagno_Sylvie-Deluxe_by_Don-Caravaggio_high_0075.jpg,2.42,M
SexArt_Lagno_Sylvie-Deluxe_by_Don-Caravaggio_high_0076.jpg,2.47,M
SexArt_Lagno_Sylvie-Deluxe_by_Don-Caravaggio_high_0077.jpg,2.71,M
SexArt_Lagno_Sylvie-Deluxe_by_Don-Caravaggio_high_0078.jpg,1.74,M
SexArt_Lagno_Sylvie-Deluxe_by_Don-Caravaggio_high_0079.jpg,2.34,M
SexArt_Lagno_Sylvie-Deluxe_by_Don-Caravaggio_high_0080.jpg,1.99,M
SexArt_Lagno_Sylvie-Deluxe_by_Don-Caravaggio_high_0081.jpg,2.21,M
SexArt_Lagno_Sylvie-Deluxe_by_Don-Caravaggio_high_0082.jpg,2.51,M
SexArt_Lagno_Sylvie-Deluxe_by_Don-Caravaggio_high_0083.jpg,2.65,M
SexArt_Lagno_Sylvie-Deluxe_by_Don-Caravaggio_high_0084.jpg,1.93,M
SexArt_Lagno_Sylvie-Deluxe_by_Don-Caravaggio_high_0085.jpg,2.2,M
SexArt_Lagno_Sylvie-Deluxe_by_Don-Caravaggio_high_0086.jpg,2.66,M
SexArt_Lagno_Sylvie-Deluxe_by_Don-Caravaggio_high_0087.jpg,1.9,M
SexArt_Lagno_Sylvie-Deluxe_by_Don-Caravaggio_high_0088.jpg,2.4,M
SexArt_Lagno_Sylvie-Deluxe_by_Don-Caravaggio_high_0089.jpg,2.2,M
SexArt_Lagno_Sylvie-Deluxe_by_Don-Caravaggio_high_0090.jpg,2.19,M
SexArt_Lagno_Sylvie-Deluxe_by_Don-Caravaggio_high_0091.jpg,2.08,M
SexArt_Lagno_Sylvie-Deluxe_by_Don-Caravaggio_high_0092.jpg,2.07,M
SexArt_Lagno_Sylvie-Deluxe_by_Don-Caravaggio_high_0093.jpg,1.96,M
SexArt_Lagno_Sylvie-Deluxe_by_Don-Caravaggio_high_0094.jpg,2.03,M
SexArt_Lagno_Sylvie-Deluxe_by_Don-Caravaggio_high_0095.jpg,1.77,M
SexArt_Lagno_Sylvie-Deluxe_by_Don-Caravaggio_high_0096.jpg,1.89,M
SexArt_Lagno_Sylvie-Deluxe_by_Don-Caravaggio_high_0097.jpg,1.93,M
SexArt_Lagno_Sylvie-Deluxe_by_Don-Caravaggio_high_0098.jpg,1.74,M
SexArt_Lagno_Sylvie-Deluxe_by_Don-Caravaggio_high_0099.jpg,1.86,M
SexArt_Lagno_Sylvie-Deluxe_by_Don-Caravaggio_high_0100.jpg,2.33,M
SexArt_Lagno_Sylvie-Deluxe_by_Don-Caravaggio_high_0101.jpg,2.2,M
SexArt_Lagno_Sylvie-Deluxe_by_Don-Caravaggio_high_0102.jpg,1.86,M
SexArt_Lagno_Sylvie-Deluxe_by_Don-Caravaggio_high_0103.jpg,1.78,M
SexArt_Lagno_Sylvie-Deluxe_by_Don-Caravaggio_high_0104.jpg,1.94,M
SexArt_Lagno_Sylvie-Deluxe_by_Don-Caravaggio_high_0105.jpg,2.03,M
SexArt_Lagno_Sylvie-Deluxe_by_Don-Caravaggio_high_0106.jpg,2.23,M
SexArt_Lagno_Sylvie-Deluxe_by_Don-Caravaggio_high_0107.jpg,1.92,M
SexArt_Lagno_Sylvie-Deluxe_by_Don-Caravaggio_high_0108.jpg,1.86,M
SexArt_Lagno_Sylvie-Deluxe_by_Don-Caravaggio_high_0109.jpg,2.66,M
SexArt_Lagno_Sylvie-Deluxe_by_Don-Caravaggio_high_0110.jpg,2.06,M
SexArt_Lagno_Sylvie-Deluxe_by_Don-Caravaggio_high_0111.jpg,2.22,M
SexArt_Lagno_Sylvie-Deluxe_by_Don-Caravaggio_high_0112.jpg,2.35,M
SexArt_Lagno_Sylvie-Deluxe_by_Don-Caravaggio_high_0113.jpg,2.04,M
SexArt_Lagno_Sylvie-Deluxe_by_Don-Caravaggio_high_0114.jpg,2.2,M
SexArt_Lagno_Sylvie-Deluxe_by_Don-Caravaggio_high_0115.jpg,2.96,M
SexArt_Lagno_Sylvie-Deluxe_by_Don-Caravaggio_high_0116.jpg,2.73,M
SexArt_Lagno_Sylvie-Deluxe_by_Don-Caravaggio_high_0117.jpg,3.12,M
SexArt_Lagno_Sylvie-Deluxe_by_Don-Caravaggio_high_0118.jpg,2.3,M
SexArt_Lagno_Sylvie-Deluxe_by_Don-Caravaggio_high_0119.jpg,1.75,M
SexArt_Lagno_Sylvie-Deluxe_by_Don-Caravaggio_high_0120.jpg,2.81,M
Torrent downloaded from hqpdb.com.nfo,48,B
file_id.diz,167,B
p4l.nfo,3.83,K
