Filename,Size,Unit
Soleil.mp4,2.15,G
