Title,Type,Files,Size,IMDB,Spoken Languages,Texted Languages,Tags,Quality (+),Quality (-),Uploaded,By,User Type,Seeders,Leechers,Info Hash,Picture,Capture Date
[ATKPetites] March Alice (Alice March Gets Hey Pussy Creamed),501,1,303.3 MiB (318033052 Bytes),,,,,,,2013-03-27T03:54:18Z,chkm8te,[V],10,2,1EDD746BEA6109FCDB2EB413F15ECA0CFF02EDCE,,2013-06-09T04:16:16Z
