Filename,Size,Unit
Bleach - 284 - Chain of Sacrifice... Halibel's Past [C-W].avi,131.99,M
