Title,Type,Files,Size,IMDB,Spoken Languages,Texted Languages,Tags,Quality (+),Quality (-),Uploaded,By,User Type,Seeders,Leechers,Info Hash,Picture,Capture Date
Pissed Jeans- Honeys (2013),101,12,81.19 MiB (85132331 Bytes),,,,"""pissed.jeans"",""punk"",""2010s"",""baltimore""",,,2013-01-24T05:53:30Z,fuqubar,,21,2,2D47490B6CBBAA2F102A1CA4D137D52C75C8467D,,2013-06-04T08:57:38Z
