Filename,Size,Unit
First Read This Guide.txt,382,B
The.Voice.S04E21.HDTV.XviD-AFG.avi,857.13,M
The.Voice.S04E21.HDTV.XviD-AFG.nfo,417,B
www.Torrenting.com.txt,382,B
