Filename,Size,Unit
Leena Franks_Let Me Warm You Up.wmv,228.36,M
RARBG.com.txt,34,B
