Filename,Size,Unit
R.E.M. - Losing My Religion.mp3,4.17,M
