Filename,Size,Unit
E01-Good Times With Weapons.mp4,450.2,M
E11-Quest for Ratings.mp4,380.76,M
E04-You Got F'd in the A.mp4,369.09,M
E09-Something Wall-Mart This Way Comes.mp4,355.59,M
E12-Stupid Spoiled Whore Video Playset.mp4,349.91,M
E14-Woodland Critter Christmas.mp4,344.47,M
E08-Douche and Turd.mp4,340.76,M
E07-Goobacks.mp4,336.32,M
E10-Preschool.mp4,328.68,M
E03-The Passion of the Jew.mp4,328.12,M
E13-Cartman's Incredible Gift.mp4,325.36,M
E02-Up the Down Steroid.mp4,324.19,M
E06-The Jeffersons.mp4,320.29,M
E05-Awesome-O.mp4,316.61,M
