Filename,Size,Unit
WowGirls - Too Big - Beata [720p].mp4,522.3,M
