Title,Type,Files,Size,IMDB,Spoken Languages,Texted Languages,Tags,Quality (+),Quality (-),Uploaded,By,User Type,Seeders,Leechers,Info Hash,Picture,Capture Date
YoungBusty.13.02.20.Alice.Hardcore.XXx,505,1,889.11 MiB (932301204 Bytes),,,,,,,2013-03-09T05:25:43Z,handsome_hulk1253,,1,1,E2BD8F955CEDCCE23E95E98988C74A5AD26BE1D3,,2013-06-07T18:18:30Z
