Filename,Size,Unit
Vacation Pictures (123).jpg,1.31,M
Vacation Pictures (148).JPG,1.17,M
Vacation Pictures (151).jpg,1.12,M
Vacation Pictures (147).jpg,1.09,M
Vacation Pictures (154).JPG,1.05,M
Vacation Pictures (155).JPG,1.05,M
Vacation Pictures (153).JPG,954.13,K
Vacation Pictures (108).jpg,897.96,K
Vacation Pictures (149).JPG,893,K
Vacation Pictures (152).jpg,887.06,K
Vacation Pictures (43).JPG,878.65,K
Vacation Pictures (119).jpg,855.32,K
Vacation Pictures (92).jpg,853.83,K
Vacation Pictures (128).JPG,851.76,K
Vacation Pictures (109).jpg,823.14,K
Vacation Pictures (150).JPG,809.47,K
Vacation Pictures (47).JPG,809.35,K
Vacation Pictures (114).jpg,804.12,K
Vacation Pictures (127).JPG,800.63,K
Vacation Pictures (115).jpg,799.3,K
Vacation Pictures (49).JPG,797.25,K
Vacation Pictures (118).jpg,785.55,K
Vacation Pictures (131).JPG,781.62,K
Vacation Pictures (130).JPG,771.23,K
Vacation Pictures (22).JPG,767.21,K
Vacation Pictures (129).JPG,764.23,K
Vacation Pictures (132).JPG,764.01,K
Vacation Pictures (134).JPG,749.88,K
Vacation Pictures (46).JPG,749.62,K
Vacation Pictures (44).JPG,738.74,K
Vacation Pictures (88).JPG,728.28,K
Vacation Pictures (125).JPG,727.97,K
Vacation Pictures (23).JPG,714.43,K
Vacation Pictures (48).JPG,709.95,K
Vacation Pictures (45).JPG,696.96,K
Vacation Pictures (27).JPG,686,K
Vacation Pictures (52).JPG,685.61,K
Vacation Pictures (122).jpg,672.08,K
Vacation Pictures (91).jpg,671.39,K
Vacation Pictures (40).JPG,671.24,K
Vacation Pictures (93).jpg,671.17,K
Vacation Pictures (133).JPG,666.5,K
Vacation Pictures (75).JPG,663.26,K
Vacation Pictures (71).jpg,658.28,K
Vacation Pictures (53).JPG,640.46,K
Vacation Pictures (51).JPG,633.81,K
Vacation Pictures (65).JPG,629.97,K
Vacation Pictures (135).JPG,602.24,K
Vacation Pictures (121).jpg,597.91,K
Vacation Pictures (42).JPG,589.68,K
Vacation Pictures (73).JPG,587.87,K
Vacation Pictures (55).JPG,582.85,K
Vacation Pictures (39).JPG,578.69,K
Vacation Pictures (117).jpg,576.32,K
Vacation Pictures (78).JPG,575.79,K
Vacation Pictures (126).JPG,575.06,K
Vacation Pictures (116).jpg,569.38,K
Vacation Pictures (136).JPG,569,K
Vacation Pictures (90).JPG,564.51,K
Vacation Pictures (50).JPG,554.18,K
Vacation Pictures (89).JPG,553.51,K
Vacation Pictures (33).JPG,547.41,K
Vacation Pictures (74).JPG,544.41,K
Vacation Pictures (137).JPG,541.42,K
Vacation Pictures (72).JPG,539.12,K
Vacation Pictures (56).JPG,538.45,K
Vacation Pictures (87).JPG,537.4,K
Vacation Pictures (41).JPG,536.63,K
Vacation Pictures (113).jpg,529.43,K
Vacation Pictures (30).JPG,516.14,K
Vacation Pictures (32).JPG,515.53,K
Vacation Pictures (111).jpg,514.51,K
Vacation Pictures (57).JPG,513.77,K
Vacation Pictures (112).jpg,505.51,K
Vacation Pictures (110).jpg,490.13,K
Vacation Pictures (95).jpg,489.7,K
Vacation Pictures (77).JPG,488.4,K
Vacation Pictures (38).JPG,482.17,K
Vacation Pictures (29).JPG,482.09,K
Vacation Pictures (54).JPG,477.11,K
Vacation Pictures (24).JPG,472.46,K
Vacation Pictures (120).jpg,461.37,K
Vacation Pictures (139).JPG,461.13,K
Vacation Pictures (94).jpg,444.48,K
Vacation Pictures (31).JPG,433.28,K
Vacation Pictures (138).JPG,432.68,K
Vacation Pictures (69).JPG,432.03,K
Vacation Pictures (76).JPG,418.36,K
Vacation Pictures (96).jpg,415.49,K
Vacation Pictures (68).JPG,411.46,K
Vacation Pictures (66).JPG,406.76,K
Vacation Pictures (37).JPG,402.07,K
Vacation Pictures (82).JPG,399.46,K
Vacation Pictures (61).JPG,399.21,K
Vacation Pictures (67).JPG,395.36,K
Vacation Pictures (26).JPG,393.83,K
Vacation Pictures (25).JPG,363.77,K
Vacation Pictures (70).JPG,338.17,K
Vacation Pictures (63).JPG,337.71,K
Vacation Pictures (36).JPG,335.15,K
Vacation Pictures (59).JPG,324.03,K
Vacation Pictures (35).JPG,310.48,K
Vacation Pictures (21).JPG,307.11,K
Vacation Pictures (58).JPG,304.65,K
Vacation Pictures (62).JPG,256.38,K
Vacation Pictures (34).JPG,249.36,K
Vacation Pictures (28).JPG,248.59,K
Vacation Pictures (60).JPG,223.65,K
Vacation Pictures (85).JPG,220.2,K
Vacation Pictures (64).JPG,164.43,K
Vacation Pictures (83).JPG,152.32,K
Vacation Pictures (84).JPG,142,K
Vacation Pictures (80).JPG,132.98,K
Vacation Pictures (81).JPG,132.19,K
Vacation Pictures (16).JPG,130.7,K
Vacation Pictures (9).JPG,129.58,K
Vacation Pictures (17).JPG,129.51,K
Vacation Pictures (15).JPG,128.6,K
Vacation Pictures (8).JPG,126.59,K
Vacation Pictures (7).JPG,125.23,K
Vacation Pictures (11).JPG,125.07,K
Vacation Pictures (13).JPG,122.9,K
Vacation Pictures (107).jpg,122.85,K
Vacation Pictures (14).JPG,119.25,K
Vacation Pictures (12).JPG,119.04,K
Vacation Pictures (98).jpg,109.6,K
Vacation Pictures (10).JPG,108.18,K
Vacation Pictures (5).JPG,107.64,K
Vacation Pictures (4).JPG,105.4,K
Vacation Pictures (2).JPG,103.98,K
Vacation Pictures (102).jpg,103.27,K
Vacation Pictures (104).jpg,103.19,K
Vacation Pictures (105).jpg,100.62,K
Vacation Pictures (3).JPg,100.5,K
Vacation Pictures (18).JPG,99.65,K
Vacation Pictures (20).JPG,99.48,K
Vacation Pictures (106).jpg,95.72,K
Vacation Pictures (19).JPG,93.42,K
Vacation Pictures (101).jpg,91.96,K
Vacation Pictures (103).jpg,86.84,K
Vacation Pictures (97).jpg,85.08,K
Vacation Pictures (79).JPG,84.96,K
Vacation Pictures (100).jpg,80.71,K
Vacation Pictures (99).jpg,78.45,K
Vacation Pictures (6).jPG,73.64,K
Vacation Pictures (142).jpg,71.67,K
Vacation Pictures (143).jpg,66.24,K
Vacation Pictures (141).jpg,64.62,K
Vacation Pictures (1).JPG,58.52,K
Vacation Pictures (145).jpg,56.76,K
Vacation Pictures (144).jpg,56.21,K
Vacation Pictures (146).jpg,55.22,K
Vacation Pictures (140).jpg,55.17,K
