Filename,Size,Unit
The.Secret.Life.of.the.American.Teenager.S05E21.HDTV.XviD-FUM.avi,348.37,M
Torrent Downloaded From ExtraTorrent.com.txt,339,B
