Filename,Size,Unit
The Spider 8(c2c)(2013)(Re-em-Novus).cbr,17.46,M
