Filename,Size,Unit
Robyn Carr - [Thunder Point 01] - The Wanderer (mobi).mobi,471.62,K
Robyn Carr - [Thunder Point 01] - The Wanderer (epub).epub,308.05,K
