Filename,Size,Unit
PICAPAU PS 2 NTSC.iso,1.73,G
