Filename,Size,Unit
Transsexual Beauty Queens 18.avi,1001.32,M
