Filename,Size,Unit
DPFanatics - Chary Kiss {17.03.2013}.mp4,372.61,M
