Filename,Size,Unit
mdhgkendallbill_720.mp4,754.79,M
