Filename,Size,Unit
58th Idea Filmfare Awards (2013) HDTV Rip 1080p XviD.avi,8.64,G
Torrent Tracked by MastiTorrents.com.txt,2.67,K
