Title,Type,Files,Size,IMDB,Spoken Languages,Texted Languages,Tags,Quality (+),Quality (-),Uploaded,By,User Type,Seeders,Leechers,Info Hash,Picture,Capture Date
Tosh.0.S05E14.720p.HDTV.x264-2HD,208,4,301.32 MiB (315958299 Bytes),,,,,,,2013-05-09T05:50:26Z,TvTeam,[V],12,2,64798E061CCFC04EF45F177B19F5DF24AA33FF80,,2013-06-12T21:55:10Z
