User Type,Username,Date,Text
[V],sujaidr,2013-06-02T19:00Z,kindly seed back for the torrent to be alive :) ENJOY
,onlyHD,2013-06-02T19:07Z,"Great documentary bro :)

Narrated by Tom Hanks."
[V],StyLishSaLH,2013-06-03T10:07Z,Thanks bro :)
[V],sujaidr,2013-06-03T14:56Z,"@StyLishSaLH ,u r welcome bro :)"
