Filename,Size,Unit
DayWithAPornstar - Jynx Maze - Fresh Jynx Juice.mp4,508.13,M
