Title,Type,Files,Size,IMDB,Spoken Languages,Texted Languages,Tags,Quality (+),Quality (-),Uploaded,By,User Type,Seeders,Leechers,Info Hash,Picture,Capture Date
Motocross.Madness.REPACK.XBLA.XBOX360-MoNGoLS,404,34,1.48 GiB (1586389669 Bytes),,,,,,,2013-04-13T17:40:25Z,Anonymous,,3,1,A16539EB916E2465FBAE7710DD0CB77FAEB5A52F,,2013-06-10T08:58:50Z
