User Type,Username,Date,Text
,katrinapapi,2013-05-29T22:35Z,o seeds..
,GyclopeN,2013-05-30T08:21Z,paidia egw den kleinw lepto to torrent..!epeidh aporrofoun polloi isws argei ..!kouragio..!konteuei!
,katrinapapi,2013-05-30T11:26Z,ολα ο.κ. τελικα φιλε GyclopeN  να εισαι καλα....
